=~=~=~=~=~=~=~=~=~=~=~= PuTTY log 2013.01.26 15:10:24 =~=~=~=~=~=~=~=~=~=~=~=
Started at 1539 milliseconds since boot

1	0.05	0.19
102	0.05	0.20
202	0.05	0.20
304	0.05	0.19
405	0.05	0.20
506	0.05	0.19
608	0.05	0.19
709	0.05	0.19
811	0.05	0.19
911	0.06	0.20
1012	0.06	0.20
1114	0.06	0.19
1215	0.06	0.20
1316	0.06	0.20
1418	0.06	0.20
1519	0.05	0.20
1621	0.06	0.20
1722	0.06	0.20
1823	0.07	0.20
1924	0.07	0.20
2025	0.07	0.20
2126	0.07	0.20
2228	0.07	0.20
2329	0.07	0.20
2431	0.08	0.20
2532	0.07	0.20
2633	0.07	0.19
2735	0.07	0.20
2836	0.07	0.20
2937	0.07	0.19
3038	0.07	0.20
3139	0.08	0.20
3241	0.08	0.20
3342	0.07	0.20
3443	0.08	0.20
3545	0.08	0.20
3646	0.08	0.20
3747	0.08	0.20
3849	0.08	0.20
3950	0.08	0.20
4052	0.09	0.20
4152	0.09	0.20
4253	0.09	0.20
4355	0.09	0.20
4456	0.09	0.20
4557	0.09	0.20
4659	0.09	0.20
4760	0.09	0.20
4862	0.08	0.20
4963	0.09	0.20
5064	0.09	0.20
5165	0.09	0.20
5266	0.09	0.20
5367	0.09	0.20
5469	0.09	0.20
5570	0.09	0.20
5672	0.09	0.20
5773	0.09	0.20
5874	0.09	0.20
5976	0.09	0.20
6077	0.10	0.20
6178	0.10	0.20
6279	0.09	0.20
6380	0.09	0.20
6481	0.09	0.20
6583	0.10	0.20
6684	0.09	0.20
6786	0.10	0.20
6887	0.09	0.20
6988	0.10	0.20
7090	0.09	0.20
7191	0.10	0.20
7291	0.09	0.20
7393	0.09	0.20
7494	0.10	0.20
7596	0.09	0.20
7697	0.10	0.20
7798	0.10	0.20
7900	0.10	0.20
8001	0.10	0.20
8102	0.10	0.20
8204	0.10	0.20
8305	0.10	0.20
8406	0.09	0.19
8507	0.08	0.19
8608	0.09	0.19
8710	0.10	0.20
8811	0.10	0.20
8912	0.10	0.20
9014	0.10	0.20
9115	0.10	0.20
9217	0.10	0.20
9318	0.10	0.20
9419	0.10	0.20
9520	0.10	0.20
9621	0.10	0.20
9722	0.10	0.20
9824	0.10	0.20
9925	0.10	0.20
10027	0.11	0.20
10128	0.11	0.20
10229	0.11	0.21
10331	0.11	0.20
10432	0.11	0.21
10533	0.11	0.21
10635	0.10	0.20
10736	0.11	0.20
10838	0.11	0.20
10939	0.11	0.20
11040	0.11	0.20
11142	0.11	0.20
11243	0.11	0.20
11343	0.11	0.20
11445	0.11	0.20
11546	0.11	0.20
11648	0.11	0.20
11749	0.11	0.20
11850	0.12	0.21
11952	0.11	0.20
12053	0.11	0.21
12154	0.11	0.21
12256	0.11	0.21
12357	0.11	0.21
12459	0.11	0.20
12560	0.11	0.21
12661	0.11	0.21
12763	0.11	0.20
12864	0.11	0.20
12965	0.11	0.20
13067	0.11	0.20
13168	0.11	0.20
13270	0.11	0.20
13371	0.10	0.20
13472	0.11	0.20
13574	0.11	0.20
13675	0.11	0.20
13776	0.11	0.20
13878	0.12	0.20
13979	0.12	0.20
14081	0.11	0.20
14182	0.12	0.21
14282	0.12	0.21
14384	0.12	0.21
14485	0.12	0.20
14586	0.12	0.21
14688	0.12	0.20
14789	0.12	0.21
14891	0.12	0.21
14992	0.12	0.21
15093	0.12	0.21
15195	0.12	0.20
15296	0.12	0.20
15397	0.12	0.20
15499	0.12	0.20
15600	0.11	0.20
15702	0.11	0.20
15803	0.12	0.20
15904	0.12	0.20
16006	0.12	0.20
16107	0.11	0.20
16208	0.11	0.20
16310	0.11	0.19
16411	0.12	0.20
16513	0.11	0.20
16614	0.12	0.20
16715	0.12	0.20
16817	0.12	0.20
16918	0.12	0.20
17019	0.12	0.21
17121	0.12	0.21
17221	0.12	0.21
17323	0.13	0.21
17424	0.13	0.21
17525	0.12	0.21
17627	0.12	0.20
17728	0.12	0.20
17829	0.12	0.20
17931	0.13	0.21
18032	0.12	0.20
18134	0.11	0.20
18235	0.12	0.20
18336	0.12	0.20
18438	0.12	0.20
18539	0.13	0.20
18640	0.12	0.20
18742	0.13	0.20
18843	0.13	0.21
18945	0.13	0.21
19046	0.12	0.20
19147	0.13	0.20
19249	0.13	0.21
19350	0.13	0.21
19451	0.13	0.21
19553	0.12	0.20
19654	0.12	0.20
19756	0.12	0.20
19857	0.12	0.20
19958	0.13	0.21
20060	0.12	0.20
20161	0.12	0.20
20261	0.12	0.20
20363	0.13	0.20
20464	0.13	0.21
20566	0.13	0.21
20667	0.13	0.21
20768	0.13	0.21
20870	0.13	0.20
20971	0.13	0.21
21072	0.13	0.21
21174	0.13	0.20
21275	0.13	0.20
21377	0.13	0.21
21478	0.13	0.21
21579	0.13	0.21
21681	0.13	0.21
21782	0.13	0.21
21883	0.13	0.21
21985	0.13	0.21
22086	0.14	0.21
22188	0.14	0.21
22289	0.14	0.21
22390	0.14	0.21
22492	0.14	0.21
22593	0.13	0.21
22694	0.13	0.21
22796	0.13	0.21
22897	0.14	0.21
22999	0.13	0.20
23100	0.14	0.21
23201	0.13	0.21
23303	0.14	0.21
23404	0.13	0.21
23504	0.13	0.21
23606	0.13	0.21
23707	0.13	0.21
23809	0.13	0.20
23910	0.14	0.20
24011	0.13	0.20
24113	0.13	0.20
24214	0.13	0.20
24315	0.14	0.20
24417	0.13	0.20
24518	0.13	0.20
24620	0.13	0.20
24721	0.13	0.21
24822	0.13	0.20
24924	0.13	0.20
25025	0.13	0.20
25126	0.13	0.21
25228	0.13	0.20
25329	0.13	0.20
25431	0.14	0.20
25532	0.13	0.20
25633	0.13	0.20
25735	0.14	0.21
25836	0.14	0.21
25937	0.14	0.21
26039	0.14	0.21
26140	0.14	0.21
26242	0.14	0.21
26343	0.14	0.21
26444	0.14	0.21
26545	0.14	0.21
26646	0.14	0.21
26747	0.14	0.21
26849	0.14	0.21
26950	0.13	0.20
27052	0.13	0.20
27153	0.13	0.20
27254	0.13	0.20
27356	0.14	0.20
27457	0.13	0.20
27558	0.13	0.20
27660	0.13	0.20
27761	0.14	0.20
27863	0.14	0.21
27964	0.14	0.21
28065	0.14	0.21
28167	0.14	0.21
28268	0.14	0.21
28369	0.14	0.21
28471	0.14	0.21
28572	0.14	0.21
28674	0.14	0.21
28775	0.14	0.21
28876	0.14	0.21
28978	0.14	0.21
29079	0.14	0.21
29181	0.14	0.21
29282	0.14	0.21
29383	0.14	0.21
29485	0.14	0.21
29586	0.14	0.21
29686	0.14	0.21
29788	0.14	0.20
29889	0.14	0.20
29990	0.14	0.21
30092	0.14	0.21
30193	0.14	0.21
30295	0.14	0.20
30396	0.13	0.20
30497	0.14	0.21
30599	0.14	0.21
30700	0.13	0.20
30801	0.13	0.20
30903	0.14	0.21
31004	0.14	0.21
31106	0.14	0.21
31207	0.14	0.21
31308	0.14	0.21
31410	0.14	0.21
31511	0.15	0.21
31613	0.14	0.21
31714	0.13	0.20
31815	0.14	0.20
31917	0.14	0.20
32018	0.14	0.21
32119	0.14	0.21
32221	0.14	0.21
32322	0.14	0.21
32424	0.15	0.21
32525	0.14	0.21
32626	0.14	0.21
32728	0.14	0.21
32828	0.14	0.20
32929	0.14	0.21
33031	0.14	0.21
33132	0.15	0.21
33233	0.15	0.21
33335	0.14	0.21
33436	0.14	0.21
33538	0.14	0.21
33639	0.14	0.21
33740	0.14	0.21
33842	0.14	0.21
33943	0.14	0.21
34045	0.14	0.20
34146	0.14	0.20
34247	0.14	0.21
34349	0.14	0.21
34450	0.15	0.21
34551	0.15	0.21
34653	0.15	0.21
34754	0.14	0.21
34856	0.14	0.21
34957	0.14	0.21
35058	0.14	0.21
35160	0.15	0.21
35261	0.14	0.21
35362	0.15	0.21
35464	0.15	0.21
35565	0.15	0.22
35667	0.15	0.22
35768	0.15	0.22
35869	0.15	0.21
35971	0.15	0.21
36072	0.15	0.21
36172	0.15	0.21
36274	0.15	0.21
36375	0.15	0.21
36477	0.14	0.21
36578	0.14	0.21
36679	0.14	0.21
36781	0.14	0.21
36882	0.15	0.20
36983	0.14	0.21
37085	0.14	0.21
37186	0.14	0.21
37288	0.14	0.21
37389	0.14	0.21
37490	0.14	0.21
37592	0.14	0.20
37693	0.14	0.21
37794	0.14	0.21
37896	0.15	0.20
37997	0.14	0.21
38099	0.15	0.21
38200	0.14	0.21
38301	0.14	0.21
38403	0.14	0.21
38504	0.15	0.21
38605	0.15	0.21
38707	0.15	0.22
38808	0.15	0.21
38910	0.15	0.21
39011	0.15	0.21
39112	0.15	0.21
39214	0.14	0.21
39315	0.14	0.21
39416	0.14	0.21
39517	0.15	0.21
39618	0.15	0.21
39720	0.15	0.21
39821	0.15	0.21
39922	0.15	0.21
40024	0.15	0.21
40125	0.15	0.21
40226	0.15	0.21
40328	0.15	0.21
40429	0.15	0.21
40531	0.15	0.21
40632	0.15	0.21
40733	0.15	0.21
40835	0.14	0.21
40936	0.15	0.21
41037	0.15	0.21
41139	0.15	0.21
41240	0.15	0.21
41342	0.15	0.21
41443	0.15	0.21
41544	0.15	0.21
41646	0.15	0.21
41747	0.15	0.21
41848	0.15	0.21
41950	0.15	0.21
42051	0.15	0.21
42153	0.15	0.21
42254	0.15	0.21
42355	0.15	0.21
42457	0.15	0.21
42558	0.15	0.21
42659	0.15	0.21
42761	0.15	0.21
42862	0.15	0.21
42963	0.15	0.21
43064	0.15	0.21
43165	0.15	0.21
43267	0.15	0.21
43368	0.15	0.21
43469	0.15	0.21
43571	0.15	0.21
43672	0.15	0.21
43774	0.15	0.21
43875	0.15	0.21
43976	0.15	0.21
44078	0.15	0.21
44179	0.15	0.21
44280	0.15	0.21
44382	0.14	0.21
44483	0.14	0.21
44585	0.14	0.20
44686	0.14	0.20
44787	0.14	0.21
44889	0.15	0.21
44990	0.15	0.21
45091	0.15	0.21
45193	0.15	0.21
45294	0.15	0.21
45396	0.16	0.22
45497	0.16	0.21
45598	0.16	0.22
45700	0.16	0.22
45801	0.17	0.21
45902	0.17	0.21
46004	0.17	0.21
46105	0.17	0.21
46207	0.18	0.21
46307	0.18	0.21
46408	0.18	0.22
46510	0.18	0.21
46611	0.19	0.21
46712	0.19	0.21
46814	0.19	0.22
46915	0.19	0.22
47017	0.20	0.22
47118	0.20	0.22
47219	0.20	0.22
47321	0.20	0.22
47422	0.21	0.21
47523	0.21	0.22
47625	0.21	0.22
47726	0.21	0.22
47828	0.22	0.22
47929	0.22	0.22
48030	0.22	0.22
48132	0.22	0.21
48233	0.22	0.21
48334	0.22	0.21
48436	0.22	0.21
48537	0.22	0.21
48639	0.22	0.22
48740	0.23	0.22
48841	0.23	0.22
48943	0.23	0.22
49044	0.23	0.22
49145	0.23	0.22
49247	0.24	0.21
49348	0.24	0.21
49450	0.24	0.22
49551	0.24	0.22
49652	0.24	0.22
49753	0.24	0.22
49854	0.24	0.21
49955	0.25	0.21
50057	0.24	0.21
50158	0.24	0.22
50260	0.25	0.22
50361	0.25	0.21
50462	0.25	0.21
50564	0.25	0.22
50665	0.25	0.22
50766	0.25	0.22
50868	0.25	0.22
50969	0.25	0.22
51071	0.26	0.21
51172	0.25	0.22
51273	0.25	0.21
51375	0.26	0.22
51476	0.25	0.21
51577	0.25	0.22
51679	0.25	0.21
51780	0.26	0.22
51882	0.26	0.22
51983	0.26	0.21
52084	0.26	0.22
52186	0.26	0.22
52287	0.26	0.22
52388	0.26	0.22
52490	0.26	0.22
52591	0.26	0.22
52693	0.26	0.22
52794	0.26	0.21
52895	0.26	0.21
52997	0.26	0.22
53098	0.26	0.21
53198	0.26	0.21
53300	0.26	0.22
53401	0.26	0.22
53503	0.26	0.22
53604	0.26	0.22
53705	0.26	0.21
53807	0.27	0.22
53908	0.26	0.21
54009	0.26	0.21
54111	0.26	0.21
54212	0.26	0.22
54314	0.26	0.21
54415	0.27	0.22
54516	0.26	0.21
54618	0.26	0.21
54719	0.26	0.21
54820	0.26	0.21
54922	0.26	0.21
55023	0.26	0.22
55125	0.26	0.22
55226	0.27	0.22
55327	0.26	0.21
55429	0.26	0.22
55530	0.27	0.22
55631	0.27	0.22
55733	0.26	0.22
55834	0.26	0.21
55936	0.26	0.21
56037	0.26	0.22
56138	0.26	0.21
56240	0.26	0.21
56341	0.26	0.21
56441	0.26	0.21
56543	0.26	0.21
56644	0.26	0.22
56746	0.26	0.22
56847	0.26	0.21
56948	0.26	0.21
57050	0.26	0.21
57151	0.26	0.21
57252	0.26	0.21
57354	0.26	0.21
57455	0.26	0.21
57557	0.26	0.21
57658	0.26	0.21
57759	0.26	0.22
57861	0.26	0.21
57962	0.26	0.21
58063	0.26	0.21
58165	0.26	0.21
58266	0.26	0.21
58368	0.26	0.21
58469	0.26	0.21
58570	0.26	0.21
58672	0.26	0.21
58773	0.26	0.21
58874	0.26	0.21
58976	0.26	0.21
59077	0.26	0.21
59179	0.26	0.21
59280	0.26	0.21
59381	0.26	0.21
59483	0.26	0.21
59584	0.26	0.21
59685	0.26	0.22
59787	0.26	0.21
59887	0.26	0.21
59989	0.26	0.22
60090	0.25	0.21
60191	0.26	0.21
60293	0.26	0.21
60394	0.26	0.21
60495	0.26	0.21
60597	0.26	0.21
60698	0.26	0.21
60800	0.26	0.21
60901	0.25	0.21
61002	0.26	0.21
61104	0.26	0.21
61205	0.26	0.21
61306	0.26	0.21
61408	0.25	0.21
61509	0.25	0.22
61611	0.26	0.21
61712	0.26	0.21
61813	0.25	0.21
61915	0.25	0.21
62016	0.26	0.21
62117	0.25	0.22
62219	0.25	0.21
62320	0.25	0.21
62422	0.26	0.21
62523	0.25	0.21
62624	0.25	0.21
62726	0.25	0.21
62827	0.26	0.21
62928	0.25	0.21
63030	0.25	0.21
63131	0.25	0.22
63233	0.26	0.21
63333	0.25	0.21
63434	0.25	0.21
63536	0.25	0.21
63637	0.25	0.21
63738	0.25	0.21
63840	0.25	0.21
63941	0.25	0.21
64043	0.25	0.21
64144	0.25	0.21
64245	0.25	0.21
64347	0.25	0.21
64448	0.25	0.21
64549	0.25	0.21
64651	0.25	0.22
64752	0.25	0.21
64854	0.25	0.21
64955	0.25	0.21
65056	0.25	0.21
65158	0.25	0.21
65259	0.25	0.22
65360	0.25	0.21
65462	0.25	0.21
65563	0.25	0.22
65665	0.25	0.22
65766	0.25	0.21
65867	0.25	0.22
65969	0.25	0.21
66070	0.25	0.21
66171	0.25	0.21
66273	0.25	0.21
66374	0.24	0.21
66476	0.24	0.21
66577	0.24	0.21
66677	0.24	0.21
66779	0.24	0.21
66880	0.24	0.21
66981	0.24	0.21
67083	0.24	0.21
67184	0.24	0.21
67286	0.24	0.21
67387	0.24	0.21
67488	0.24	0.21
67590	0.24	0.21
67691	0.24	0.21
67792	0.24	0.21
67894	0.24	0.21
67995	0.24	0.21
68097	0.24	0.21
68198	0.24	0.21
68299	0.24	0.21
68401	0.24	0.21
68502	0.24	0.22
68603	0.24	0.21
68705	0.25	0.22
68806	0.24	0.21
68908	0.24	0.21
69009	0.24	0.21
69110	0.24	0.22
69212	0.24	0.21
69313	0.24	0.21
69414	0.24	0.21
69516	0.24	0.21
69617	0.24	0.21
69719	0.24	0.21
69820	0.24	0.21
69921	0.23	0.21
70022	0.23	0.21
70123	0.23	0.21
70224	0.24	0.21
70326	0.24	0.21
70427	0.24	0.21
70529	0.24	0.21
70630	0.24	0.21
70731	0.24	0.21
70833	0.23	0.22
70934	0.24	0.21
71035	0.24	0.21
71137	0.23	0.21
71238	0.24	0.21
71340	0.24	0.21
71441	0.24	0.21
71542	0.23	0.21
71644	0.23	0.21
71745	0.24	0.21
71846	0.23	0.21
71948	0.23	0.20
72049	0.24	0.21
72151	0.24	0.21
72252	0.23	0.21
72353	0.24	0.21
72455	0.24	0.21
72556	0.24	0.22
72657	0.24	0.21
72759	0.23	0.22
72860	0.24	0.21
72962	0.23	0.21
73063	0.23	0.21
73164	0.23	0.21
73266	0.24	0.21
73367	0.23	0.21
73467	0.23	0.21
73569	0.23	0.21
73670	0.23	0.21
73772	0.24	0.21
73873	0.23	0.21
73974	0.23	0.22
74076	0.23	0.21
74177	0.23	0.21
74278	0.23	0.21
74380	0.23	0.21
74481	0.23	0.21
74583	0.23	0.21
74684	0.23	0.22
74785	0.23	0.21
74887	0.23	0.21
74988	0.23	0.21
75089	0.23	0.21
75191	0.23	0.21
75292	0.23	0.21
75394	0.23	0.21
75495	0.23	0.22
75596	0.23	0.22
75698	0.23	0.21
75799	0.23	0.21
75901	0.22	0.21
76002	0.23	0.21
76103	0.23	0.21
76205	0.23	0.21
76306	0.23	0.21
76407	0.22	0.21
76509	0.23	0.21
76610	0.23	0.21
76712	0.23	0.21
76812	0.23	0.21
76913	0.23	0.21
77015	0.23	0.21
77116	0.23	0.22
77217	0.23	0.22
77319	0.23	0.22
77420	0.23	0.22
77521	0.23	0.22
77623	0.23	0.22
77724	0.22	0.21
77826	0.23	0.21
77927	0.22	0.21
78028	0.22	0.20
78130	0.22	0.21
78231	0.22	0.21
78333	0.22	0.21
78434	0.23	0.21
78535	0.23	0.21
78637	0.23	0.21
78738	0.22	0.21
78839	0.23	0.22
78941	0.23	0.21
79042	0.23	0.21
79144	0.22	0.22
79245	0.23	0.21
79346	0.23	0.21
79448	0.23	0.21
79549	0.22	0.21
79650	0.23	0.21
79752	0.22	0.21
79853	0.23	0.21
79955	0.22	0.21
80056	0.22	0.21
80156	0.22	0.21
80258	0.23	0.21
80359	0.22	0.21
80460	0.22	0.21
80562	0.22	0.21
80663	0.22	0.21
80765	0.22	0.21
80866	0.23	0.21
80967	0.23	0.21
81069	0.23	0.22
81170	0.22	0.21
81271	0.22	0.21
81373	0.23	0.21
81474	0.22	0.21
81576	0.22	0.21
81677	0.22	0.21
81778	0.22	0.21
81880	0.22	0.21
81981	0.22	0.21
82082	0.22	0.21
82184	0.22	0.21
82285	0.22	0.21
82387	0.23	0.21
82488	0.22	0.21
82589	0.22	0.22
82691	0.23	0.22
82792	0.23	0.22
82893	0.23	0.22
82995	0.22	0.21
83096	0.23	0.22
83198	0.22	0.21
83299	0.22	0.22
83400	0.22	0.21
83501	0.22	0.22
83602	0.22	0.22
83703	0.22	0.22
83805	0.22	0.22
83906	0.23	0.22
84008	0.23	0.22
84109	0.23	0.21
84210	0.23	0.22
84312	0.23	0.22
84413	0.22	0.21
84514	0.22	0.20
84616	0.21	0.20
84717	0.22	0.21
84819	0.22	0.21
84920	0.21	0.20
85021	0.21	0.21
85123	0.22	0.21
85224	0.22	0.21
85325	0.22	0.21
85427	0.22	0.21
85528	0.21	0.20
85630	0.22	0.21
85731	0.22	0.21
85832	0.22	0.21
85934	0.22	0.21
86035	0.22	0.21
86136	0.22	0.21
86238	0.22	0.22
86339	0.22	0.21
86441	0.22	0.22
86542	0.22	0.22
86643	0.22	0.21
86745	0.22	0.22
86845	0.22	0.21
86946	0.22	0.21
87048	0.22	0.21
87149	0.22	0.22
87251	0.22	0.21
87352	0.22	0.21
87453	0.22	0.21
87555	0.22	0.21
87656	0.22	0.21
87757	0.22	0.22
87859	0.22	0.21
87960	0.22	0.21
88062	0.22	0.22
88163	0.22	0.22
88264	0.22	0.21
88366	0.22	0.21
88467	0.22	0.22
88568	0.22	0.21
88670	0.22	0.22
88771	0.22	0.22
88873	0.22	0.22
88974	0.22	0.21
89075	0.22	0.21
89177	0.21	0.21
89278	0.22	0.21
89379	0.22	0.21
89481	0.22	0.21
89582	0.22	0.22
89684	0.22	0.22
89785	0.22	0.22
89886	0.22	0.22
89988	0.22	0.22
90089	0.22	0.22
90190	0.22	0.22
90291	0.22	0.22
90392	0.22	0.22
90494	0.22	0.22
90595	0.22	0.21
90696	0.22	0.21
90798	0.22	0.22
90899	0.22	0.21
91000	0.22	0.21
91102	0.22	0.22
91203	0.22	0.22
91305	0.22	0.21
91406	0.22	0.21
91507	0.22	0.22
91609	0.22	0.22
91710	0.22	0.21
91811	0.22	0.21
91913	0.21	0.21
92014	0.22	0.21
92116	0.21	0.21
92217	0.22	0.21
92318	0.22	0.21
92420	0.22	0.22
92521	0.22	0.21
92622	0.21	0.21
92724	0.22	0.21
92825	0.22	0.21
92927	0.22	0.21
93028	0.22	0.21
93129	0.22	0.21
93231	0.22	0.22
93332	0.22	0.22
93433	0.22	0.21
93535	0.22	0.22
93636	0.22	0.21
93738	0.22	0.21
93838	0.22	0.22
93939	0.22	0.22
94041	0.22	0.21
94142	0.22	0.21
94243	0.22	0.21
94345	0.22	0.21
94446	0.22	0.22
94548	0.22	0.21
94649	0.22	0.21
94750	0.22	0.21
94852	0.22	0.21
94953	0.22	0.21
95054	0.21	0.21
95156	0.21	0.21
95257	0.22	0.21
95359	0.21	0.21
95460	0.21	0.21
95561	0.21	0.21
95663	0.21	0.21
95764	0.21	0.21
95865	0.22	0.21
95967	0.22	0.21
96068	0.22	0.21
96170	0.21	0.21
96271	0.21	0.21
96372	0.22	0.21
96474	0.21	0.21
96575	0.22	0.22
96676	0.22	0.21
96778	0.22	0.22
96879	0.22	0.21
96981	0.21	0.20
97082	0.21	0.21
97183	0.21	0.21
97284	0.21	0.21
97385	0.21	0.21
97486	0.22	0.21
97588	0.22	0.22
97689	0.22	0.21
97791	0.22	0.22
97892	0.21	0.22
97993	0.22	0.21
98095	0.22	0.21
98196	0.22	0.22
98297	0.22	0.21
98399	0.22	0.21
98500	0.22	0.21
98602	0.22	0.22
98703	0.22	0.21
98804	0.22	0.22
98906	0.22	0.22
99007	0.22	0.22
99108	0.21	0.22
99210	0.21	0.22
99311	0.22	0.21
99413	0.22	0.22
99514	0.22	0.22
99615	0.21	0.21
99717	0.21	0.21
99818	0.21	0.21
99919	0.22	0.21
100021	0.21	0.21
100122	0.21	0.21
100224	0.22	0.21
100325	0.21	0.22
100426	0.22	0.21
100528	0.22	0.21
100629	0.22	0.22
100730	0.21	0.21
100832	0.22	0.21
100933	0.21	0.21
101035	0.22	0.21
101136	0.21	0.21
101237	0.22	0.22
101339	0.22	0.21
101440	0.21	0.21
101541	0.21	0.21
101643	0.22	0.22
101744	0.22	0.22
101846	0.22	0.21
101947	0.21	0.21
102048	0.22	0.21
102150	0.21	0.21
102251	0.22	0.22
102352	0.21	0.21
102454	0.22	0.21
102555	0.22	0.21
102657	0.21	0.22
102758	0.21	0.21
102859	0.22	0.22
102961	0.22	0.21
103062	0.21	0.21
103163	0.21	0.21
103265	0.21	0.21
103366	0.22	0.22
103468	0.22	0.22
103570	0.22	0.22
103671	0.22	0.21
103773	0.21	0.21
103874	0.22	0.22
103976	0.21	0.22
104077	0.22	0.22
104178	0.22	0.22
104280	0.22	0.22
104381	0.21	0.22
104482	0.22	0.22
104584	0.22	0.21
104685	0.21	0.21
104787	0.22	0.22
104888	0.21	0.21
104989	0.21	0.21
105091	0.21	0.21
105192	0.21	0.21
105293	0.20	0.20
105395	0.21	0.21
105496	0.21	0.21
105598	0.21	0.21
105699	0.21	0.21
105800	0.21	0.21
105902	0.21	0.21
106003	0.21	0.22
106104	0.21	0.22
106206	0.21	0.21
106307	0.21	0.21
106409	0.20	0.21
106510	0.21	0.21
106611	0.21	0.21
106713	0.21	0.21
106814	0.21	0.21
106915	0.21	0.21
107017	0.21	0.21
107118	0.21	0.21
107220	0.21	0.21
107321	0.21	0.21
107422	0.21	0.21
107524	0.22	0.21
107625	0.21	0.21
107726	0.21	0.22
107828	0.21	0.21
107929	0.21	0.21
108031	0.21	0.21
108132	0.22	0.21
108233	0.20	0.21
108335	0.20	0.21
108436	0.21	0.21
108537	0.21	0.21
108639	0.21	0.21
108740	0.21	0.21
108842	0.21	0.21
108943	0.21	0.21
109044	0.21	0.21
109147	0.21	0.21
109248	0.21	0.21
109349	0.21	0.21
109451	0.21	0.21
109552	0.21	0.21
109654	0.21	0.22
109755	0.21	0.22
109856	0.22	0.22
109958	0.22	0.22
110059	0.21	0.22
110160	0.21	0.21
110262	0.20	0.21
110363	0.21	0.21
110465	0.21	0.22
110566	0.22	0.22
110667	0.21	0.22
110769	0.21	0.22
110870	0.22	0.21
110971	0.22	0.22
111073	0.21	0.22
111174	0.21	0.22
111276	0.22	0.22
111377	0.22	0.22
111478	0.21	0.22
111580	0.20	0.21
111681	0.20	0.21
111782	0.20	0.21
111884	0.20	0.21
111985	0.20	0.21
112087	0.20	0.21
112188	0.21	0.21
112289	0.21	0.21
112391	0.21	0.22
112492	0.21	0.22
112593	0.21	0.22
112695	0.21	0.21
112796	0.21	0.21
112898	0.21	0.21
112999	0.21	0.21
113100	0.21	0.22
113202	0.22	0.22
113303	0.22	0.22
113405	0.22	0.22
113506	0.22	0.22
113607	0.22	0.22
113709	0.21	0.22
113810	0.22	0.22
113911	0.22	0.22
114013	0.22	0.22
114114	0.21	0.22
114216	0.21	0.21
114317	0.21	0.22
114418	0.20	0.21
114520	0.20	0.21
114621	0.20	0.21
114723	0.21	0.21
114825	0.21	0.21
114926	0.21	0.21
115028	0.21	0.21
115129	0.21	0.22
115230	0.22	0.22
115332	0.20	0.21
115433	0.21	0.21
115534	0.21	0.21
115636	0.21	0.22
115737	0.21	0.21
115839	0.21	0.21
115940	0.21	0.21
116041	0.21	0.22
116143	0.21	0.21
116244	0.20	0.21
116345	0.21	0.21
116447	0.21	0.21
116548	0.20	0.21
116650	0.20	0.21
116751	0.21	0.21
116852	0.20	0.21
116954	0.20	0.21
117055	0.21	0.22
117156	0.21	0.22
117258	0.21	0.22
117359	0.21	0.22
117461	0.22	0.22
117562	0.21	0.22
117663	0.21	0.22
117765	0.21	0.22
117866	0.21	0.22
117967	0.22	0.22
118069	0.21	0.22
118170	0.21	0.21
118272	0.21	0.22
118373	0.21	0.21
118474	0.20	0.21
118576	0.21	0.21
118677	0.21	0.21
118778	0.20	0.21
118880	0.20	0.21
118981	0.21	0.21
119083	0.21	0.21
119184	0.21	0.22
119285	0.21	0.22
119387	0.21	0.22
119488	0.21	0.22
119589	0.21	0.21
119691	0.21	0.21
119792	0.21	0.22
119894	0.21	0.22
119995	0.21	0.21
120097	0.21	0.22
120199	0.21	0.22
120300	0.21	0.22
120401	0.22	0.22
120503	0.21	0.21
120604	0.21	0.22
120706	0.21	0.22
120807	0.22	0.22
120908	0.21	0.21
121010	0.21	0.22
121111	0.21	0.22
121213	0.20	0.21
121314	0.20	0.21
121415	0.21	0.21
121517	0.20	0.21
121618	0.21	0.21
121719	0.21	0.21
121821	0.21	0.22
121922	0.21	0.22
122024	0.21	0.21
122125	0.21	0.21
122226	0.21	0.21
122328	0.21	0.21
122429	0.20	0.21
122530	0.21	0.21
122632	0.21	0.21
122733	0.21	0.21
122835	0.20	0.21
122936	0.20	0.21
123037	0.21	0.21
123139	0.21	0.21
123240	0.21	0.22
123341	0.21	0.22
123443	0.21	0.22
123544	0.21	0.21
123646	0.21	0.21
123747	0.20	0.21
123848	0.21	0.22
123950	0.21	0.21
124051	0.20	0.21
124152	0.21	0.22
124254	0.21	0.21
124355	0.21	0.22
124457	0.21	0.21
124558	0.21	0.21
124659	0.20	0.21
124761	0.21	0.21
124862	0.21	0.22
124963	0.22	0.22
125065	0.21	0.22
125166	0.21	0.21
125268	0.21	0.22
125369	0.22	0.22
125470	0.22	0.22
125572	0.21	0.22
125674	0.21	0.22
125775	0.21	0.22
125877	0.21	0.22
125978	0.21	0.21
126080	0.21	0.21
126181	0.20	0.21
126282	0.20	0.21
126384	0.21	0.22
126485	0.21	0.22
126586	0.21	0.22
126688	0.21	0.22
126789	0.21	0.21
126891	0.21	0.22
126992	0.21	0.21
127093	0.21	0.21
127195	0.21	0.22
127296	0.21	0.22
127397	0.21	0.21
127499	0.20	0.21
127600	0.21	0.22
127702	0.21	0.21
127803	0.20	0.21
127904	0.20	0.21
128006	0.21	0.21
128107	0.21	0.22
128208	0.21	0.22
128310	0.21	0.22
128411	0.21	0.22
128513	0.22	0.22
128614	0.21	0.22
128715	0.21	0.22
128817	0.21	0.22
128918	0.21	0.22
129019	0.20	0.21
129121	0.20	0.21
129222	0.21	0.21
129324	0.21	0.21
129425	0.21	0.21
129526	0.21	0.22
129628	0.21	0.22
129729	0.21	0.21
129830	0.21	0.21
129932	0.20	0.21
130033	0.21	0.22
130135	0.21	0.22
130236	0.21	0.21
130337	0.21	0.22
130439	0.21	0.22
130540	0.21	0.22
130641	0.21	0.22
130743	0.21	0.21
130844	0.21	0.21
130946	0.21	0.21
131048	0.21	0.21
131149	0.21	0.21
131251	0.21	0.22
131352	0.20	0.21
131454	0.21	0.22
131555	0.21	0.22
131656	0.20	0.21
131758	0.20	0.21
131859	0.20	0.21
131960	0.21	0.21
132062	0.20	0.22
132163	0.21	0.21
132265	0.21	0.21
132366	0.21	0.21
132467	0.21	0.22
132569	0.21	0.22
132670	0.20	0.21
132771	0.20	0.21
132873	0.21	0.21
132974	0.21	0.21
133076	0.21	0.21
133177	0.21	0.22
133278	0.21	0.22
133380	0.21	0.22
133481	0.21	0.22
133582	0.21	0.21
133684	0.21	0.21
133785	0.21	0.22
133887	0.21	0.21
133988	0.21	0.22
134089	0.21	0.22
134191	0.21	0.22
134292	0.21	0.21
134393	0.21	0.21
134495	0.21	0.22
134596	0.21	0.22
134698	0.21	0.21
134799	0.21	0.22
134900	0.21	0.22
135002	0.21	0.21
135103	0.21	0.22
135204	0.21	0.21
135306	0.21	0.22
135407	0.21	0.22
135509	0.21	0.21
135610	0.20	0.22
135711	0.20	0.21
135813	0.21	0.21
135914	0.21	0.21
136015	0.21	0.22
136117	0.21	0.21
136218	0.21	0.22
136321	0.21	0.22
136422	0.21	0.22
136523	0.21	0.22
136625	0.21	0.22
136726	0.21	0.21
136827	0.21	0.21
136929	0.21	0.22
137030	0.21	0.21
137132	0.21	0.22
137233	0.21	0.22
137334	0.21	0.21
137436	0.21	0.22
137537	0.21	0.22
137638	0.21	0.22
137740	0.21	0.21
137841	0.21	0.21
137943	0.21	0.21
138044	0.21	0.21
138145	0.20	0.21
138247	0.21	0.22
138348	0.21	0.22
138449	0.21	0.21
138551	0.21	0.21
138652	0.20	0.21
138754	0.21	0.21
138855	0.21	0.21
138956	0.21	0.21
139058	0.21	0.21
139159	0.21	0.21
139261	0.21	0.21
139362	0.21	0.21
139463	0.20	0.21
139565	0.21	0.21
139666	0.21	0.21
139767	0.20	0.21
139869	0.20	0.21
139970	0.21	0.21
140072	0.21	0.21
140173	0.21	0.21
140274	0.21	0.21
140376	0.21	0.21
140477	0.20	0.21
140578	0.20	0.21
140680	0.20	0.21
140781	0.21	0.21
140883	0.21	0.21
140984	0.21	0.21
141085	0.21	0.22
141187	0.21	0.21
141288	0.21	0.22
141389	0.21	0.22
141491	0.21	0.22
141592	0.21	0.21
141695	0.21	0.22
141796	0.21	0.21
141897	0.21	0.21
141999	0.21	0.22
142100	0.21	0.21
142201	0.21	0.21
142303	0.21	0.21
142404	0.21	0.22
142506	0.21	0.21
142607	0.21	0.22
142708	0.21	0.21
142810	0.21	0.22
142911	0.21	0.21
143012	0.21	0.21
143114	0.20	0.21
143215	0.21	0.22
143317	0.20	0.21
143418	0.21	0.21
143519	0.21	0.21
143621	0.20	0.21
143722	0.21	0.22
143823	0.21	0.21
143925	0.21	0.21
144026	0.21	0.21
144128	0.21	0.22
144229	0.21	0.21
144330	0.20	0.22
144432	0.21	0.22
144533	0.20	0.21
144634	0.21	0.22
144736	0.21	0.21
144837	0.20	0.21
144939	0.20	0.22
145040	0.21	0.21
145141	0.21	0.21
145243	0.21	0.21
145344	0.21	0.22
145445	0.21	0.21
145547	0.21	0.21
145648	0.21	0.21
145750	0.21	0.21
145851	0.21	0.22
145952	0.21	0.21
146054	0.21	0.21
146155	0.21	0.21
146256	0.21	0.22
146358	0.21	0.21
146459	0.21	0.21
146561	0.21	0.21
146662	0.21	0.22
146763	0.21	0.21
146865	0.21	0.22
146967	0.20	0.21
147069	0.20	0.21
147170	0.21	0.22
147271	0.21	0.22
147373	0.21	0.22
147474	0.21	0.22
147575	0.21	0.22
147677	0.21	0.22
147778	0.21	0.21
147880	0.20	0.21
147981	0.20	0.22
148082	0.20	0.22
148184	0.21	0.21
148285	0.21	0.22
148386	0.20	0.21
148488	0.20	0.21
148589	0.20	0.21
148691	0.20	0.21
148792	0.20	0.21
148893	0.21	0.21
148995	0.21	0.22
149096	0.21	0.21
149197	0.20	0.21
149299	0.21	0.22
149400	0.21	0.22
149502	0.21	0.21
149603	0.21	0.21
149704	0.21	0.22
149806	0.21	0.22
149907	0.21	0.22
150008	0.21	0.21
150110	0.21	0.21
150211	0.21	0.22
150313	0.21	0.22
150414	0.21	0.21
150515	0.21	0.22
150617	0.20	0.21
150718	0.21	0.21
150819	0.20	0.21
150921	0.20	0.22
151022	0.20	0.21
151124	0.20	0.22
151225	0.20	0.22
151326	0.20	0.21
151428	0.20	0.21
151529	0.20	0.21
151630	0.21	0.21
151732	0.20	0.21
151833	0.20	0.22
151935	0.21	0.22
152036	0.21	0.22
152137	0.21	0.21
152239	0.21	0.22
152340	0.21	0.22
152441	0.21	0.22
152544	0.20	0.21
152645	0.20	0.22
152747	0.21	0.21
152848	0.21	0.21
152949	0.21	0.22
153051	0.20	0.21
153152	0.21	0.21
153253	0.21	0.21
153355	0.20	0.21
153456	0.20	0.21
153558	0.20	0.21
153659	0.21	0.22
153760	0.21	0.21
153862	0.20	0.22
153963	0.21	0.22
154064	0.20	0.21
154166	0.20	0.21
154267	0.20	0.21
154369	0.20	0.21
154470	0.21	0.21
154571	0.21	0.21
154673	0.21	0.21
154774	0.20	0.21
154875	0.21	0.22
154977	0.21	0.21
155078	0.21	0.22
155180	0.21	0.22
155281	0.20	0.22
155382	0.20	0.22
155484	0.20	0.21
155585	0.20	0.21
155686	0.20	0.21
155788	0.21	0.21
155889	0.20	0.21
155991	0.21	0.22
156092	0.21	0.22
156193	0.21	0.22
156295	0.21	0.21
156396	0.20	0.21
156497	0.21	0.22
156599	0.21	0.21
156700	0.21	0.22
156802	0.21	0.22
156903	0.21	0.22
157004	0.21	0.21
157106	0.21	0.21
157207	0.21	0.22
157309	0.21	0.21
157410	0.21	0.21
157511	0.21	0.21
157613	0.21	0.22
157714	0.21	0.22
157815	0.20	0.22
157917	0.21	0.21
158018	0.21	0.22
158121	0.20	0.21
158222	0.20	0.21
158323	0.20	0.21
158425	0.20	0.22
158526	0.20	0.22
158627	0.21	0.21
158729	0.20	0.21
158830	0.20	0.21
158932	0.20	0.21
159033	0.21	0.21
159134	0.21	0.21
159236	0.21	0.22
159337	0.21	0.21
159438	0.21	0.22
159540	0.21	0.22
159641	0.21	0.22
159743	0.21	0.22
159844	0.21	0.22
159945	0.20	0.22
160047	0.20	0.22
160148	0.20	0.21
160249	0.21	0.21
160351	0.21	0.21
160452	0.21	0.21
160554	0.20	0.21
160655	0.21	0.22
160756	0.20	0.22
160858	0.20	0.22
160959	0.21	0.22
161060	0.20	0.21
161162	0.20	0.22
161263	0.20	0.22
161365	0.21	0.21
161466	0.20	0.21
161567	0.20	0.21
161669	0.21	0.21
161770	0.21	0.22
161871	0.21	0.21
161973	0.21	0.22
162074	0.21	0.22
162176	0.21	0.22
162277	0.21	0.21
162378	0.21	0.22
162480	0.21	0.21
162581	0.20	0.21
162682	0.20	0.21
162784	0.21	0.21
162885	0.20	0.21
162987	0.21	0.21
163088	0.20	0.21
163189	0.20	0.21
163291	0.20	0.21
163392	0.20	0.21
163493	0.21	0.21
163595	0.21	0.21
163696	0.21	0.21
163798	0.21	0.21
163900	0.20	0.21
164001	0.20	0.22
164103	0.20	0.22
164204	0.21	0.22
164305	0.20	0.21
164407	0.21	0.22
164508	0.20	0.21
164610	0.20	0.21
164711	0.20	0.21
164812	0.20	0.21
164914	0.21	0.22
165015	0.20	0.22
165117	0.21	0.21
165218	0.21	0.22
165319	0.20	0.22
165421	0.21	0.22
165522	0.21	0.21
165623	0.21	0.22
165725	0.20	0.22
165826	0.20	0.21
165928	0.21	0.21
166029	0.20	0.21
166130	0.20	0.21
166232	0.20	0.21
166333	0.20	0.21
166434	0.21	0.21
166536	0.20	0.21
166637	0.20	0.21
166739	0.20	0.21
166840	0.20	0.21
166941	0.21	0.21
167043	0.20	0.21
167144	0.20	0.22
167245	0.20	0.21
167347	0.20	0.21
167448	0.20	0.21
167550	0.20	0.21
167651	0.20	0.21
167752	0.20	0.22
167854	0.20	0.21
167955	0.20	0.21
168056	0.20	0.22
168158	0.20	0.21
168259	0.20	0.21
168361	0.21	0.22
168462	0.21	0.22
168563	0.21	0.22
168665	0.21	0.22
168766	0.21	0.22
168867	0.21	0.22
168969	0.21	0.22
169070	0.21	0.21
169172	0.21	0.21
169273	0.21	0.21
169374	0.21	0.22
169476	0.20	0.22
169577	0.21	0.22
169678	0.21	0.22
169780	0.21	0.22
169881	0.20	0.22
169983	0.21	0.22
170084	0.20	0.21
170185	0.21	0.22
170287	0.21	0.21
170388	0.21	0.22
170489	0.21	0.22
170591	0.21	0.21
170692	0.21	0.22
170794	0.21	0.22
170896	0.20	0.21
170997	0.20	0.21
171099	0.20	0.21
171200	0.20	0.22
171301	0.21	0.22
171403	0.21	0.22
171504	0.20	0.21
171606	0.20	0.22
171707	0.21	0.22
171808	0.21	0.22
171910	0.21	0.22
172011	0.21	0.22
172112	0.21	0.22
172214	0.21	0.22
172315	0.20	0.21
172417	0.21	0.22
172518	0.20	0.22
172619	0.21	0.22
172721	0.21	0.22
172822	0.21	0.22
172923	0.21	0.22
173025	0.21	0.21
173126	0.21	0.21
173228	0.21	0.21
173329	0.20	0.21
173430	0.20	0.21
173532	0.20	0.21
173633	0.20	0.21
173734	0.20	0.21
173836	0.20	0.21
173937	0.21	0.22
174039	0.20	0.21
174140	0.21	0.22
174241	0.21	0.22
174343	0.21	0.21
174444	0.21	0.21
174545	0.20	0.22
174647	0.21	0.21
174748	0.21	0.21
174850	0.21	0.22
174951	0.21	0.22
175052	0.21	0.22
175154	0.21	0.21
175255	0.21	0.22
175357	0.20	0.22
175458	0.21	0.22
175559	0.21	0.21
175661	0.21	0.22
175762	0.21	0.21
175863	0.20	0.21
175965	0.21	0.21
176066	0.21	0.21
176168	0.21	0.21
176269	0.20	0.21
176370	0.21	0.22
176472	0.20	0.21
176574	0.21	0.21
176675	0.20	0.22
176777	0.20	0.21
176878	0.20	0.21
176980	0.20	0.21
177081	0.20	0.22
177182	0.20	0.21
177284	0.20	0.21
177385	0.20	0.21
177486	0.20	0.22
177588	0.21	0.21
177689	0.21	0.21
177791	0.21	0.22
177892	0.21	0.22
177993	0.21	0.22
178095	0.21	0.22
178196	0.21	0.22
178297	0.20	0.22
178399	0.20	0.22
178500	0.21	0.21
178602	0.20	0.21
178703	0.20	0.21
178804	0.21	0.21
178906	0.20	0.21
179007	0.20	0.21
179108	0.20	0.22
179210	0.20	0.21
179311	0.21	0.21
179413	0.20	0.22
179514	0.20	0.22
179615	0.20	0.22
179717	0.20	0.21
179818	0.20	0.21
179919	0.20	0.21
180021	0.20	0.21
180122	0.20	0.21
180224	0.20	0.22
180325	0.20	0.22
180426	0.21	0.22
180528	0.21	0.22
180629	0.21	0.22
180730	0.20	0.21
180832	0.20	0.22
180933	0.21	0.22
181035	0.20	0.22
181136	0.20	0.22
181237	0.20	0.21
181339	0.21	0.21
181440	0.20	0.22
181541	0.21	0.21
181643	0.21	0.22
181744	0.21	0.22
181846	0.21	0.22
181947	0.21	0.22
182048	0.20	0.21
182150	0.20	0.21
182251	0.20	0.21
182352	0.21	0.22
182454	0.21	0.22
182555	0.20	0.21
Stopped at 184196 milliseconds since boot

