=~=~=~=~=~=~=~=~=~=~=~= PuTTY log 2013.02.11 13:14:39 =~=~=~=~=~=~=~=~=~=~=~=
Started at 3758 milliseconds since boot

0	0.22269	0.22653
119	0.22116	0.22403
239	0.22213	0.22566
359	0.22234	0.22575
479	0.22250	0.22634
599	0.22109	0.22559
718	0.22047	0.22659
838	0.21947	0.22503
958	0.22134	0.22541
1077	0.22200	0.22563
1197	0.22097	0.22725
1316	0.22106	0.22591
1436	0.22031	0.22563
1556	0.22013	0.22616
1676	0.22088	0.22563
1796	0.22063	0.22575
1915	0.22147	0.22431
2035	0.21919	0.22475
2155	0.22113	0.22553
2275	0.22119	0.22522
2395	0.21950	0.22547
2515	0.21856	0.22400
2634	0.21881	0.22644
2754	0.22178	0.22575
2874	0.21847	0.22491
2994	0.22044	0.22650
3114	0.21875	0.22362
3233	0.21997	0.22522
3353	0.22006	0.22578
Stopped at 7231 milliseconds since boot

