=~=~=~=~=~=~=~=~=~=~=~= PuTTY log 2013.01.26 15:16:29 =~=~=~=~=~=~=~=~=~=~=~=
Started at 98 milliseconds since boot

1	0.16	0.21
102	0.15	0.21
203	0.15	0.21
304	0.14	0.21
405	0.13	0.21
507	0.13	0.21
608	0.12	0.21
709	0.11	0.21
811	0.10	0.21
911	0.10	0.21
1013	0.09	0.21
1114	0.08	0.21
1215	0.07	0.21
1317	0.07	0.21
1418	0.06	0.21
1519	0.06	0.21
1621	0.05	0.21
1722	0.04	0.21
1824	0.03	0.21
1925	0.03	0.21
2025	0.03	0.21
2127	0.01	0.20
2228	0.00	0.20
2329	0.00	0.21
2431	0.00	0.21
2532	0.00	0.21
2634	0.00	0.21
2735	0.00	0.21
2836	0.00	0.21
2937	0.00	0.21
3038	0.00	0.21
3139	0.00	0.21
3241	0.00	0.21
3342	0.00	0.21
3444	0.00	0.21
3545	0.00	0.21
3645	0.00	0.21
3747	0.00	0.21
3848	0.00	0.21
3949	0.00	0.21
4051	0.00	0.21
4152	0.00	0.21
4254	0.00	0.21
4355	0.00	0.21
4455	0.00	0.21
4557	0.00	0.21
4658	0.00	0.21
4759	0.00	0.21
4861	0.00	0.21
4962	0.00	0.21
5063	0.00	0.21
5165	0.00	0.21
5265	0.00	0.21
5367	0.00	0.21
5468	0.00	0.21
5569	0.00	0.21
5671	0.00	0.21
5772	0.00	0.21
5873	0.00	0.21
5974	0.00	0.22
6075	0.00	0.21
6177	0.00	0.21
6278	0.00	0.21
6379	0.00	0.21
6481	0.00	0.21
6582	0.00	0.21
6683	0.00	0.21
6784	0.00	0.21
6885	0.00	0.22
6987	0.00	0.21
7088	0.00	0.21
7189	0.00	0.22
7291	0.00	0.21
7392	0.02	0.21
7493	0.04	0.21
7594	0.03	0.21
7695	0.00	0.21
7797	0.02	0.21
7898	0.02	0.21
7999	0.03	0.21
8101	0.02	0.21
8202	0.03	0.21
8303	0.02	0.21
8405	0.03	0.21
8506	0.03	0.22
8608	0.03	0.21
8709	0.03	0.22
8809	0.04	0.21
8911	0.04	0.22
9012	0.04	0.21
9113	0.04	0.21
9215	0.04	0.21
9316	0.04	0.21
9418	0.04	0.21
9519	0.04	0.21
9620	0.04	0.22
9722	0.05	0.22
9823	0.06	0.21
9923	0.05	0.21
10025	0.05	0.21
10126	0.05	0.21
10228	0.06	0.21
10329	0.06	0.21
10430	0.06	0.21
10532	0.06	0.21
10633	0.06	0.21
10734	0.06	0.21
10836	0.06	0.21
10937	0.06	0.21
11039	0.06	0.21
11140	0.07	0.21
11241	0.07	0.21
11343	0.07	0.21
11444	0.07	0.21
11545	0.08	0.22
11647	0.08	0.21
11748	0.07	0.21
11850	0.07	0.21
11951	0.08	0.22
12052	0.08	0.21
12154	0.08	0.21
12255	0.08	0.21
12355	0.08	0.22
12457	0.09	0.22
12558	0.09	0.22
12660	0.09	0.22
12761	0.09	0.22
12862	0.09	0.22
12964	0.09	0.22
13065	0.09	0.22
13166	0.09	0.22
13268	0.09	0.22
13369	0.09	0.21
13471	0.09	0.22
13572	0.09	0.21
13673	0.09	0.21
13775	0.09	0.21
13876	0.10	0.21
13977	0.10	0.22
14079	0.10	0.22
14180	0.10	0.22
14282	0.10	0.22
14383	0.10	0.22
14484	0.10	0.22
14586	0.11	0.22
14687	0.10	0.22
14788	0.10	0.22
14890	0.10	0.21
14991	0.10	0.22
15092	0.10	0.22
15193	0.11	0.22
15294	0.11	0.22
15396	0.11	0.22
15497	0.11	0.22
15598	0.11	0.22
15700	0.11	0.22
15801	0.10	0.21
15903	0.10	0.20
16004	0.10	0.21
16105	0.10	0.21
16207	0.11	0.22
16308	0.11	0.22
16409	0.11	0.22
16511	0.12	0.22
16612	0.12	0.22
16714	0.12	0.22
16815	0.12	0.21
16916	0.12	0.22
17018	0.12	0.22
17119	0.11	0.21
17220	0.11	0.21
17322	0.12	0.22
17423	0.12	0.21
17525	0.12	0.22
17626	0.12	0.22
17727	0.12	0.22
17829	0.12	0.22
17930	0.12	0.22
18031	0.12	0.22
18133	0.12	0.22
18234	0.12	0.22
18336	0.12	0.22
18436	0.13	0.22
18537	0.12	0.22
18639	0.12	0.22
18740	0.12	0.22
18841	0.12	0.22
18943	0.12	0.22
19044	0.12	0.22
19146	0.12	0.22
19247	0.13	0.22
19348	0.12	0.22
19450	0.12	0.22
19551	0.13	0.22
19652	0.13	0.22
19754	0.12	0.22
19855	0.12	0.22
19957	0.12	0.22
20058	0.12	0.21
20159	0.12	0.21
20261	0.12	0.21
20362	0.12	0.21
20463	0.13	0.22
20565	0.12	0.22
20666	0.12	0.22
20768	0.12	0.22
20869	0.12	0.22
20970	0.13	0.22
21072	0.13	0.22
21173	0.13	0.22
21274	0.13	0.22
21376	0.13	0.22
21477	0.13	0.22
21579	0.13	0.22
21680	0.13	0.22
21780	0.13	0.22
21882	0.13	0.22
21983	0.13	0.22
22084	0.13	0.22
22186	0.13	0.22
22287	0.13	0.22
22389	0.13	0.22
22490	0.13	0.22
22591	0.13	0.22
22693	0.13	0.22
22794	0.13	0.22
22895	0.13	0.22
22997	0.13	0.22
23098	0.13	0.22
23200	0.13	0.22
23301	0.13	0.21
23402	0.13	0.22
23504	0.13	0.22
23605	0.13	0.22
23706	0.13	0.22
23808	0.14	0.22
23909	0.13	0.22
24011	0.13	0.22
24112	0.14	0.22
24213	0.13	0.22
24315	0.13	0.22
24416	0.13	0.22
24517	0.13	0.22
24619	0.13	0.22
24720	0.13	0.22
24822	0.13	0.22
24923	0.13	0.22
25024	0.14	0.22
